Order of division: 4, 9, 16, 25

Order of values in a patch: [mean1,mean2,mean3,std1,std2,std3]

Global feature descriptor:

[76.53666666666666, 139.36631944444446, 116.17993055555556, 41.4941048691123, 30.16150124391762, 32.33134744753078, 85.0886111111111, 130.40479166666665, 105.25138888888888, 
22.78740351997346, 26.662043179103414, 22.202608662144208, 62.352152777777775, 124.39819444444444, 94.09833333333333, 34.15657496619214, 32.751817965928275, 26.444875527532112, 
66.7611111111111, 124.72895833333334, 94.98375, 31.30131589155973, 31.67484447516738, 25.101353158384597, 88.8259375, 140.506875, 115.87890625, 33.61556116214771,
32.163682201115826, 31.529195677240338, 81.6740625, 136.6925, 108.68703125, 36.972895677050964, 33.06101093055081, 30.905273931992955, 84.964375, 126.31546875, 102.4803125, 
19.46049635439382, 24.814631736493155, 20.91525878162505, 73.6884375, 141.5834375, 106.1965625, 38.86780629658167, 23.54288455528748, 23.919731409102273, 45.31609375, 
130.47234375, 115.70578125, 39.30622076708992, 32.519338248676526, 34.328721088574625, 68.89859375, 133.28671875, 99.674375, 29.500983000952036, 21.837420832332704, 
17.486143610281115, 64.3865625, 123.55796875, 91.1709375, 31.25935271136614, 31.13984709538606, 23.485617255484126, 72.1103125, 115.77859375, 91.501875, 31.39980125179686, 
36.22457139874067, 29.62498411787549, 74.29734375, 119.3271875, 92.359375, 21.850039884273347, 29.371017999719445, 23.20761404387308, 93.64833333333333, 143.70111111111112, 
120.00027777777778, 31.242913818798797, 32.95946329944792, 29.106036982243538, 81.03527777777778, 139.11888888888888, 106.16666666666667, 39.72152550962423, 31.499828551365674,
32.60702889460083, 88.57083333333334, 135.9013888888889, 110.62555555555555, 28.78437045757452, 31.203970514163185, 26.28957994301634, 82.36638888888889, 122.12861111111111, 
99.31333333333333, 19.84325895231843, 26.520555199146713, 22.085707796873727, 82.96138888888889, 137.75861111111112, 111.015, 35.231006045241976, 24.672596320251717, 
22.679856395292962, 48.501666666666665, 136.88666666666666, 127.53777777777778, 44.17708678967211, 30.396992541295194, 38.54829172689405, 87.75805555555556, 140.48305555555555,
112.89972222222222, 24.973687633125262, 24.684424724852583, 20.014222718705582, 81.65916666666666, 123.1061111111111, 98.16694444444444, 13.880189695109438, 17.422969079442513,
14.815707377915665, 65.69666666666667, 142.66361111111112, 98.05416666666666, 37.13136125822603, 25.322550518019593, 22.491680174752027, 49.689166666666665, 121.86888888888889,
 96.00944444444444, 35.801036520919645, 34.41048013628808, 31.240739422929124, 46.393055555555556, 138.9763888888889, 102.32277777777777, 30.412720412449172, 30.428609495814385, 
25.608412963441776, 65.56972222222223, 127.64333333333333, 93.26833333333333, 28.690002612806424, 24.115394115239614, 17.189651198710617, 63.243611111111115, 116.80277777777778, 
89.64916666666667, 30.338110214783004, 31.245346196683712, 24.675797282515063, 70.77916666666667, 116.2575, 92.68055555555556, 29.025627744671127, 32.018086457761136, 25.796611743970097, 
82.67777777777778, 122.01472222222222, 97.77027777777778, 33.05714001804814, 36.73444576250464, 30.900606878804098, 72.40388888888889, 110.28138888888888, 86.5736111111111, 
19.41151394830996, 26.994978715471614, 21.883558599091614, 95.79253472222223, 141.15972222222223, 119.35633680555556,33.617233920890186, 35.91996083007261, 32.00518382140802,
75.30512152777777, 136.97786458333334, 103.38628472222223, 38.01500811292178, 32.42073581394743, 33.09702832753082,
88.38237847222223, 135.77256944444446, 110.21440972222223, 34.55426818641114, 35.77279786386671, 30.533210527844645, 89.67404513888889, 137.24001736111111, 111.55859375,
26.159817043207195, 27.54077052248032, 24.699479247664197, 80.9921875, 119.63932291666667, 97.72873263888889, 21.25155079487297, 28.688999880178667, 23.752644753138455,
95.83116319444444, 141.49088541666666, 119.85980902777777, 27.69352143642546, 26.18200360472254, 22.777034058873536, 62.75694444444444, 131.02517361111111, 117.22916666666667,
40.73891022034534, 33.08960727093719, 39.00848487651258, 75.94791666666667, 135.83723958333334, 105.61154513888889, 35.84775478935187, 32.91652139237292, 28.66629824208582, 
99.36067708333333, 142.61154513888889, 116.95138888888889, 9.130451124451772, 9.19024743735271, 8.857439482271316, 80.93012152777777, 120.56510416666667, 96.5078125, 
13.826550633320899, 17.587013763403647, 14.394881471410415, 67.55208333333333, 141.92664930555554, 105.53038194444444, 39.98481564007559, 24.60830832108588, 20.53046382800465, 
58.67578125, 144.14887152777777, 122.41276041666667, 46.08546563309103, 17.35047651175275, 28.56213123427572, 41.04774305555556, 124.80381944444444, 115.40060763888889, 
35.325782582203196, 31.221537916257244, 34.34239134627604, 56.60980902777778, 148.44618055555554, 108.18619791666667, 37.459215195843726, 10.951822495247066, 17.35531860289667,
 74.20572916666667, 124.58897569444444, 94.25694444444444, 21.54906469893465, 23.25677320679859, 16.97004981323214, 60.96050347222222, 136.046875, 93.28993055555556,
 34.09342636453974, 27.943231588763386, 23.63872255774081, 57.50737847222222, 141.23003472222223, 90.34418402777777, 30.813013254726087, 21.830292424974648, 20.1175156682076, 
55.56163194444444, 108.67274305555556, 90.54774305555556, 34.582437540255114, 43.387442421013446, 36.57984956518763, 58.552951388888886, 139.45876736111111, 99.24131944444444, 
27.900504804978652, 18.576232795416033, 14.256361676776665, 74.078125, 118.31119791666667, 91.53515625, 16.51196348563797, 22.915150244276678, 16.85733582101663, 65.29470486111111, 
114.33159722222223, 89.13671875, 31.22580240522881, 32.04527409608671, 25.714241062105355, 73.24609375, 115.18229166666667, 93.01909722222223, 28.248567017826858, 30.628439698413874, 
25.74861073418424, 74.05859375, 110.4296875, 90.546875, 32.7970869212871, 34.128768420939565, 29.338178292323345, 83.93576388888889, 
127.83984375, 100.55902777777777, 30.41485791608047, 36.78416249409864, 30.31292219223613, 70.85590277777777, 105.37717013888889, 83.29774305555556, 19.935161388904252, 
26.534038993813578, 21.83623299232472]
